00011111000101001111100010101010011011000011100000011100000101111001001000101010101101110111110010001011110101010100101100101
11010100011011001111010101000001000101111100011011011110010110001100001011111000101000001110111101100110000000011101110101111
10101101011101110011111111101001011100101110101101011100001000001101011011001111001001001101110100110111000010010011010111000
11011110000101100111111101111001001101011010100010101011010001010010111100001111100101100000001000101110101111111111011000001
11111001100111111000110101111111110101111011010101011101110101100010111110011001111001101011100101111101111010100101100011110
00100000111001001100000101011100010111001010000010111010110000011000110010100100101001010000101100110011100101101000100111000
01111010111110011101110011101000010001100111100111110100010011011110100100000110001101000101100001000110001110001101110000011
10000101001100111111011111101100101110010000000111100011100001011101001000000001010111110011110110011110010100011101010010101
00011000010001101010011001010111010111101010110101101100101100101010101111100000001000010010110111010100010101111000001101111
10111011110010000101100111011111000100001011011101100111000101011001100100100010111111000000110101100001011110100110011110100
10010001000001000101100010110010011001100100101010011100001011111100111011110101101010110000110111100111010011010000010010010
01100110010000011100011010010000010000011000010000011010001110011011111110101111001100111101000100110101100010001011110010111
10000001001010110000110100100101100001101010011000101100110010011110100111001110001001101101101010111001111101010001001100011
01001010000111000101111001111001001100010100011110001111000000111000110010000011001000100010000101010011100100001101101101100
00000101010100110110110111011111110010100100110000101111100001101011110001101100000101100011101000000010110111111001010111111
00011111100011010101111110111110010010000000001111001001101101000010001100101001100110100010110100010100000010001000101010011
11111110011101111101111000011010110011100011110101000001001010000101011100011011110110110101101000101010110111000101000101100
10000011011100110110010010100111101010011001100011011011101010001001110011111001100011111001001000011111010111010001100110100
01111011110001100110001011100010110100111011001000000111100100001111001000000111000111101110110101011010001101100001111000111
00000000011010110111000000110110010110001101001110111110111000110110100101011111010110100100011110100100111111001101010110010
10101001101111110100100011111000101010100001010101001001000000010000110010111011011100011100011000100100010000100001010001001
11110101111011001011011011110101110100100100000100110000110111101100101000010101011011011010001111111011001001001110000100100
10101101101010111100001100110000000100000011001110000010101100100001010011011010011111110110110100010000011011001111010010000
10011011000011100101110100100011110001110010111000100011101110001111100111010100110101010100110001010010001110110100101010011
00001001111000010010101000010101101011000000101111000101010111010000111000011011111101111101101011100010101010111110110111001
00111000110111111000100101100011001110001011111001110101011000111001101101011111111000001111101111111000100101000010010100110
01010101000001011110111100010111000000010010111100000011000011011010000100000101010101101000111110110011011110100000000010111
10100110001110110011001010111111101101011101101010010101000110001000000101011110100001101000010101101101110100101001011000111
01010001100001100101000000010010100001010011110111001001010100010000101100110111010100111010111100100000110011000010001101000
01110110110101101001111101100011011000110001000101000111000001000110101001000001101110111010110100001010001010100001000100101
01010001001010010110110001011010110110010010111001001000011101011111100001111101010000000100011011111010011011011111111011111
10001111010101001101010001010001101000010000100001000010110100110111100010110000110001010011110010000001100000111001110101110
01000000011110101001110111001000000001101011101010110000110010000100011010000101010111001011101010100010011010101011110100111
11011011001101011010101111101001100011001110110010001111100111110101111000111001001001011100000111101100100001001010001111010
00011101011010101101000011000101111010010010101000111001000010111001101111010101101110000010010101001110000100110101000001101
00101011110001000010101100001111010010101000000000110010111011001101100000000100110101110000101110001001101110100110100101000
01110000011011100111000000011011110111101110110001101001000100010100000010000000000100010011100111011110101110000100010111001
11110011111101000000000010111101010010110111011100000100100000000111001010001111010100000001101011111101010101010111000110100
11000001001111000110001101010010111000101001110101001111010110010100111111010101100100001001001110001111011000011101111011100
11101101000001101101011101001111000011000010111100010101110000000000111010011100001110001010100001011111000001010100110101111
11111001011000010100001110000010101100110111010111000101110101100110011010110000100101000111011000001110001011110010101011010
00011000000110001100001001101011101010011110101110011100000110000001101011001100111110101111110000101111010011110010111000111
11000011101001100111001000101110110100001000011011001111010110111010101111100000010110011001100010100111101100001100101110010
00000110100000010011111001000101000011001110000111101000000001011001010101110110000011011011001011100010011010000101100010000
10001110111101111011111100111011000110111110010001100111110100011110111100111111110010110100001011110101010011000001110101100
11100010001110000010100111011010000101010010010100010000110110111001001000001000001100111001011001000111010110000110011011011
10010011101110001000011010110011100111110001111000011101000001000010001100111111000111101110001011000111011011101111000100100
10011011101111000001101111011111010011010011110100011011101010110010110001000011001010011110011100111110001001111111110010101
00101111000011011000010010100000110100010001101100110010111001100000101011110001100000011110011100011100001011000001101101111
00100111010100000010011010100110111001110111000000000010011001010101011100111100100000110110100011110011110011111000100101111
00101110100101110111111011001010010110000110011100001001100000101111100000111100110100010111010001111000011100011011100100101
00010001110010001010001000110110110101000101110111000001001100101001101110001111110101110001010110111101100101011010011001100
10011100100111110110101010101001010000000101000100100101101111000110100110001111111111010110111110001011000001110000100101000
00001110111011010000111001001111010110101101110001000110011011101011110000011110000101011000011101110010010010101100000101111
11111111111100100000010011111001001101110100000000001110011100101010111111101000101101111110110100111010000111110000110111111
00111010111010110011000110000001111111000001011101111110010001101111110101011101001111001011111011011000100010010011011111110
00011010011010110000111010001000111000001100001110011100010100011101110001001010000100110000100101001000111111000100100110011
00101101011001100111111100110001010000001001001010100101110001111101101101000010101000011110011010011111011110001010000000010
00011011011100001001011101000101110011111010011111100001101110011101000100100101011010101001001110010001110110011110110011010
00101100111101101011101101011010111101010011010011011101001000111111101011111111011001111100101010110010101001001001000001011
00011000001011111111010001101011000110000011010101111110111010111011110100111000000100011000011010010101000101100110101001000
01001100010110001011011101010111100111000011000111000100110000100010010110011111011001000000010011011000101010100011100110101
01010101111000010001010001111010110010001111011110111011001110101110110101100111101010101001100011110000011000000110001100111
00011000100011011010111000000111001101111000100111101011101011011100100111000111110000110010110010001101100011011001011101100
11000111111001011011111001111000101101101010011100011110011011000111000001011100101111110100100010001110001101100011010000011
11001001101101001010111011100100111000001111001011111010100011110101010111001101000011111100101000100110100011111101001000001
10111110001110111010100101001000110110000111010001100111000100001101111000101111101110100100100001011111110101000010110100111
11011100011001100010010001001101100001011011011001111100010111110100111110010110110111110010101000010110111111001000010111111
00011011111010000101110101011011110110011110010110110110101011111110010001111100000101111000101000000010111011000110110000001
00001100111010011001010100100100101101011111100101011010011110011001000111011010100001100100011111111101110001110110001010111
00000100101100101111110111111100001110101000011111100000100001111111010001000101110001011111011110110000000110001101001101110
00011110001110000110001111001000010011110110100100110001110101010001101110010101100011000111001100000001111101110000001100111
11100000111011101011100011010000100101001000011011000110001011100111001101101001010101000001101010011100011010001001001001101
01110011010110111011101110101010101010100111100000000001011011101000110001001011101000011000011010011011001110010111101100110
00101001010100100001100000100100101101001001011111100110010000110001010010010011101010111111101101011000010010001010001101100
11101101110101000111000011111001001101010110100010000100010000111110011111011100000111010111101111011010100000001100101000111
01000001011111111111000111110110011000110110010000100111001111110001111000000000100000011111010100101011101010111110101101100
11110001011010101000101111000000101100000101100000111111110011111000000101100010111101100110110111110001100101001001110011000
01001110100110000010011101100010111110100101100111011101111010000100111001010100000100101101100111101101110001101100000000010
10001010011010000000101110111101010011000001101111010011001011100001111110010010111111100010000001001000011100010110000101101
10100110110000111110010100111111001000010100000101011010100001001100011001010100101110101001111110000000110011011001110000100
10110110011010011000100010000100010011001110101100000010100110100011000001110010111100101001000010001000011000100110110111000
00110011010110101001101000101101011110001111010001111011110010010101101100000010110011111101111011011010011111001110110000000
10101110111011001110000000001011101001001011000000110001110010011001110101100010100000110111101111100101101101000110110000010
00110110011011100100000000001001111110011000110000100100101110100001000001110110101100110111001110000000001010110110010111001
00001011110001111000010001011000101100111101001100001110000110111000101000011101100100000000110010110101100100000011101011111
01001111000010100011011111000000110101101110100011010010001110001101001000001011010101011010100101011010011000001000110001010
01100010011011001001000111000110011000000010110111011101011011001001100101100111010111101110011110001011001101011100010011110
11100100001000000010110001011110110100110100100111110100001001111101110001001011111001110111010110100110111011011001111101111
10011000000001001111001011110100010010111100101111001101000110101001011001110100110110011001111101011001100111001011011111100
11011100000100111111001010000100011110000011011010010101110100001101001111011010100110011111100001111100001001110000101000001
01100100011001001000010010010011010000010000011010100000101110101100000100111111010111001010111011011000111111110111001100100
00100000001101000111100100001111010100100101011101101101011011010001011010110101100011010111000010100110111011110111010011111
10111000101110011100111111101111000110011001011001010111101011011001000010010111111011100011010000000011010010100101110100101
11110100000011011110011101101111010111001001100001000111011101111100100010100111101111000101111110110100100000010110001100110
01110001110011001101111110101011001001001101110010010001010110010100101101001110101010111011110100000111111100001110010010010
11000000110110100100111111110010100110010010010111011010010001000100001000110101100011000110110010000011111111001011100111100
11000100011001011000010110111110001011000000101100001100100111111000110011100000001010010010101101001110101000000110110100110
11000011100001010100001111011000111010100010100110100111011011011111001101100100100001011010110100011111101001100101100010111
01100010100100110000101111101001110101101101010001011110110001101110011101100111111011010001110001001100100111000110111100000
11010110101101111101111011110101010011111110001010011100111011101111110110111010110001000010010101011011010100110100000101110
11010110010111000100101001010010010011110000011011011011011110111001100100001111100000100011110000101000010000101011010000101
00110001111000110111000110000001010111011100001111011001000111110110000110010100111001110111101011000001010100000011101000011
11011011101100111111010100001010001001010010001101101001000011000001101100000010100010011010101101111101111010000010101000110
00111111000010100101000100110010101111011111100010011111001001000011001111000011000011001011001010010101110101000010001101111
00101111110110111011100000111101000101000101000111100010101000010101011001000111011101010111101100000000110010011001110101110
01010011010000111011000001100101011110010100110000000001010001011111100111001110111010010110110101010110101111110101100101000
10110011000011011010100101010000110100110000110111111100011110110011111000101110010001111110110001100110100100011000000001111
11100110010011111100100000101011001000110101000010100110111110001011111010101111011111000101001100110101000101010011101111100
11101011000111001010011010000100011001111100001001101110101010100010100100110010101000010010110011010001011010100010001110111
01000100100101000100111010001011000101010001010100001111010110110111010010100001111100100101101100101011001100101100111000011
10000100110110110001110011100110001111000101101011101111111101000010000101101000000011101010111100000000010101000011100000010
11111111110010111010001010111110110110010111000111101110100100110011010110101111001011001010111101000010000110000111111110101
11101100000111110000101001001011001011011101101100110110110001010100010010010011001111000001011000111111100000000011110110010
10001111000111111001101011110110001011011110110111011001011110000110011101101110011000111100001111010000101100011100110000001
10111100001100111011111110001100000000110111100101000100110111000111111100000001001001100100001000011110000010001011011100011
10010011100101111001010001110101100000001110010101101001111110111110000100001110111100011001111000111100100110000111111011010
10100110100010000110011010111111110111010011001111001110101110100100000000110100101100001001111111111100111100010000011111011
10101011000000010111000001001011111101000011110111111001010011010011101010001011000010011100001011101011101100101101111110001
01001101110001110000001011111010011101010010110011100010000000111110100010010010001101100100011101011001010101101011100110001
11000010011100011111101010110011000100011001000101101011111011001110001011111010111000100101011111001010011000011111011100100
10111101011000011110000100001110001010011110101001110000110100011001111110111100111101011011000011011111001110000101111110111
11001111010100010001011101001011110110010001110001100110111100011110000010101000001010100000000111101010101100011100111110111
01011001010100100001100110001101001001101111011011110110011111111111001111101010000011011111010000000111110000101101100101011
11000101111111100011101100101101001010100010000100110101111110101110000111010000100001101001101110110110011011000100110111101
01000110101111111010100011110111000010111000000010010001101001100110010010110011110101100110000000001000100011000100010000110
01110100100011101111000000100010001111110011000000100100101001111001010010101000100010010010001011011111111101001101110101001
11000110001111000001111011111100111001001001011001101100101101111010100100100100111001100000111001011001010001111110101001010
01000101001001011001011100110010110001000001111110001011110101100101011110011001010100000010001000110100011010101111101001111
00010001100000111111101100001000101011111101011001111110100010110011011010110111101101101110001101111110011001001100101101000
11110010001001101011101010001000000011011011011111110111010001110110011010010111100011101001111000100010011011101101010110110
11011010001101100110001011100011100101010110100001000011111111011000100001110110011010011011111000011010010101010000000101111
11100010110000010100001110111101111111111010101110110100100010001111011111010111111010111101001010000110010101011001100011110
11000111011111100111110111001010010000111001110010011001010011111001000000001111001010101011101100000101001100010100110001001
01111001011000101110000010011100011110001010101110100001001000011000110011100100111010000111110010000010110010011110000111011
01111111010001100000101101010001001000011110011000001110110110010000001101001010000101101001101101001000100011100011000011000
11000111110111010100011101010011110010100011011100011001001010001111000110111010001010100100110111001100001011001010000100101
10111100100011111000100001010000010111100011010101111101000111000110001101010111101010110101000011110111111101011101100101011
11010100101001010011111111111101110111111011000011100111101010001100010011011110010001010010011001000101011110111011011111000
10001001010110011010100111010111100110111001011010010011001011111100101100001000001100111110000100101000001110010100100100101
11010000001100101101000000110001011100010001101111110110100101110011101110100010011100111011000101111111100100101011011100100
01000011101000101101100111001110110101111111000001101001110111111000010000010001011011110010010010010100110100000101001110100
00101111000100110011001101110101100100011101000111101111101111001001101010101110111100011010000000100001100111011111011001011
00011011010110101011011001000100110110110001000010001110110101101111010001001010101010101110011011111101110011110110001000011
10010011010010101000011000000100011010101101100111000111000000110110110001011011110110011101000001111001010110010100011000011
00100111101110000101001001011001011011110011000001100111001111111110111111011000010100111010001001001001110111011011100110100
00010100111000111101100011100111001100100111001000011000100100000000111100011100010101011001100111111001001101100100001010010
10011011100001111100000100001000110011100101011011011000011001011010011001001110111110011010100001101001110001000010111111000
10101110011111010000010001101011111111001110101000011111010011100100111110101010110101110010001110110000110110010101101010100
01010101100000010000111001010000000100111000111110100000111100111100101011110001001011100010100110000101100101111010011111011
00111000011011100100110110011101011001101111011101101000100110001001101010110111101110111110100110110011001011001101101100011
01010101110010100110000101100011011000000101110010011100010101100100100100100110000000110100110011101000000011110010001111110
01100001110010101100111100101011101111010000110110100011111101100000100001110000100101100010010111010000011000100001110011000
11011010100110010011010100000011111010011111101111111000011010111110010110110110011011111111011100100110100011000010100111110
00111010100010001011001011111101000101100101000101111100101111101010001111100001111110100100111001111110010010110100011001101
00101110111100101010101001101000100100000000100001101101000011010001100001010110000110110111100000000000101101010101011100000
00100110100001111111110100000111011000000011110011011110101101001010111111001010110111010111101101001100001110001010010110100
10101110011111110110111001101011011010101000110011110000111000100100100001001101010110111011100011011111001011011010001100100
11111001010110100110011110100010111011100101010110011000000110011100011001100001111100110110111100110010011111011010011110001
11000101110111010011000000011001000011000010011001011001010100101111000011011000001111011011110110000011000100101010111111101
01100010110010101000100111010011000000001111101100100100100001001100011011010000001100010101100110011111111000100000111010011
01101011011101000110001101111000110000001011001010001101001100110011100101011111100101010000001100100110111011101011010011101
01111101000001100101000011110110010101101001101010000111001101001001100010101010011101010011101100101100111111011001100001110
01100110000010000001111110000000100010001010000111101000000001101010100010100110101011111000010000100001000100101011110111101
01111011110010010000101001100011011010011110101000101111110011011100001111111000011001010111101111101011010001100010111100001
00011000001010100001111100100000100000100010110000011010010100011000011010110110011100101101100101110111001100100110011011001
11001001010011000111100000111101101001101101100000100011101011011000000001010011000000000011110100100011011001010101011100011
10010010010100101001100001011010010010001110110000100011101011011000110011011000000100001111101100001101001010010111001111101
10110010100110111001000100010101001110001110101011011001110101110000111001010111110111110100101001010001101011110000001101100
11110000110110000110000010001100000110100000011110111011011100000100110110101000111101100000000100001100000000101111001101011
00110110110111101111001111010101010111100110010000110000101010000001111011010110011100101101010100110100100001111011110100101
10001011001101100100001010000001001111100111011100011001011110000000111110000010011011010000111000001101100111100100100001001
01100001110101011111010111011101001100110101000110011001110111001000101110001101011001001001100001100011010100111111100100011
01100101101110111010100010111101000010111101100100111011001000111001001100011011101101101010001100001001010001000000011100010
11100101101000100111101011011101010001100010101010001100110001010111101100110111100010010001110011010111101011111110101100011
00011011101010110011111101011011101101011111000100000001010011100111100100100010100101010011100011000011110111000010000011011
01011011000001010011110000010111001000010001010110000100100001011110000100100001101111001000111101001110001111100000001100010
00111100100011100000101101110001001100010000110010011001010111100111000001100011000100011011110110100001010001101100011011110
01010101111111000001100111010010111001101111011001100010001011001111000110000101001011101101001001011111001001011010101011010
01100100111101011101110011010011001011110000001100001110101111000011110101000001111000100101111101101010010000000000111000100
10101100110111110110101101101111111111010000101001000001010001111011100000100111010101101001001110001001001101101100010000011
00111001001101100011000010011111111110011010111000100010110110001111010000100000010000001000001010001111100000110010111100010
1011110111000111010011010110101111011011101011110001111001110110010100100111010000001010011010110101010101100111100110001001